rank,title,ratings,rating_num,meta
1,肖申克的救赎,9.6,720141,导演: 弗兰克·德拉邦特 Frank Darabont   主演: 蒂姆·罗宾斯 Tim Robbins /.../1994 / 美国 / 犯罪 剧情
2,这个杀手不太冷,9.4,691633,导演: 吕克·贝松 Luc Besson   主演: 让·雷诺 Jean Reno / 娜塔丽·波特曼 .../1994 / 法国 / 剧情 动作 犯罪
3,霸王别姬,9.5,503003,导演: 陈凯歌 Kaige Chen   主演: 张国荣 Leslie Cheung / 张丰毅 Fengyi Zha.../1993 / 中国大陆 香港 / 剧情 爱情 同性
4,阿甘正传,9.4,603380,导演: Robert Zemeckis   主演: Tom Hanks / Robin Wright Penn / Gary Sinise/1994 / 美国 / 剧情 爱情
5,美丽人生,9.5,344195,导演: 罗伯托·贝尼尼 Roberto Benigni   主演: 罗伯托·贝尼尼 Roberto Beni.../1997 / 意大利 / 剧情 喜剧 爱情
6,千与千寻,9.2,551162,导演: 宫崎骏 Hayao Miyazaki   主演: 柊瑠美 Rumi Hîragi / 入野自由 Miy.../2001 / 日本 / 剧情 动画 奇幻
7,辛德勒的名单,9.4,319657,导演: 史蒂文·斯皮尔伯格 Steven Spielberg   主演: 连姆·尼森 Liam Neeson.../1993 / 美国 / 剧情 历史 战争
8,海上钢琴师,9.2,518908,导演: 朱塞佩·托纳多雷 Giuseppe Tornatore   主演: 蒂姆·罗斯 Tim Roth / .../1998 / 意大利 / 剧情 音乐
9,机器人总动员,9.3,436897,导演: 安德鲁·斯坦顿 Andrew Stanton   主演: 本·贝尔特 Ben Burtt / 艾丽.../2008 / 美国 / 喜剧 爱情 科幻 动画 冒险
10,盗梦空间,9.2,664453,导演: 克里斯托弗·诺兰 Christopher Nolan   主演: 莱昂纳多·迪卡普里奥 Le.../2010 / 美国 英国 / 剧情 动作 科幻 悬疑 冒险
11,泰坦尼克号,9.1,554782,导演: James Cameron   主演: Leonardo DiCaprio / Kate Winslet / Billy Zane/1997 / 美国 / 剧情 爱情 灾难
12,三傻大闹宝莱坞,9.1,570238,导演: 拉库马·希拉尼 Rajkumar Hirani   主演: 阿米尔·汗 Aamir Khan / 卡.../2009 / 印度 / 剧情 喜剧 爱情 歌舞
13,放牛班的春天,9.2,384857,导演: 克里斯托夫·巴拉蒂 Christophe Barratier   主演: 杰拉尔·朱诺 Géra.../2004 / 法国 瑞士 德国 / 剧情 音乐
14,忠犬八公的故事,9.2,368451,导演: 莱塞·霍尔斯道姆 Lasse Hallström   主演: 理查·基尔 Richard Ger.../2009 / 美国 英国 / 剧情
15,大话西游之大圣娶亲,9.1,381472,导演: 刘镇伟 Jeffrey Lau   主演: 周星驰 Stephen Chow / 吴孟达 Man Tat Ng.../1995 / 香港 中国大陆 / 动作 冒险 喜剧 奇幻 爱情
16,龙猫,9.1,358359,导演: 宫崎骏 Hayao Miyazaki   主演: 日高法子 Noriko Hidaka / 坂本千夏 Ch.../1988 / 日本 / 动画 奇幻
17,教父,9.2,293731,导演: 弗朗西斯·福特·科波拉 Francis Ford Coppola   主演: 马龙·白兰度 M.../1972 / 美国 / 剧情 犯罪
18,乱世佳人,9.2,233826,导演: Victor Fleming / George Cukor   主演: 克拉克·盖博 Clark Gable / .../1939 / 美国 / 剧情 爱情 战争
19,天堂电影院,9.1,269447,导演: 朱塞佩·托纳多雷 Giuseppe Tornatore   主演: 安东娜拉·塔莉 Antonel.../1988 / 意大利 法国 / 剧情 爱情
20,当幸福来敲门,8.9,465744,导演: 加布里尔·穆奇诺 Gabriele Muccino   主演: 威尔·史密斯 Will Smith .../2006 / 美国 / 剧情 传记 家庭
21,楚门的世界,9.0,370817,导演: 彼得·威尔 Peter Weir   主演: 金·凯瑞 Jim Carrey / 劳拉·琳妮 Lau.../1998 / 美国 / 剧情
22,搏击俱乐部,9.0,364043,导演: 大卫·芬奇 David Fincher   主演: 爱德华·诺顿 Edward Norton / 布拉.../1999 / 美国 德国 / 剧情 动作 悬疑 惊悚
23,触不可及,9.1,308544,导演: 奥利维·那卡什 Olivier Nakache / 艾力克·托兰达 Eric Toledano   主.../2011 / 法国 / 剧情 喜剧
24,指环王3：王者无敌,9.1,249089,导演: 彼得·杰克逊 Peter Jackson   主演: 维果·莫腾森 Viggo Mortensen / .../2003 / 美国 新西兰 / 剧情 动作 奇幻 冒险
25,十二怒汉,9.3,142274,导演: Sidney Lumet   主演: 亨利·方达 Henry Fonda / 马丁·鲍尔萨姆 Marti.../1957 / 美国 / 剧情
26,罗马假日,8.9,332902,导演: 威廉·惠勒 William Wyler   主演: 奥黛丽·赫本 Audrey Hepburn / 格.../1953 / 美国 / 喜剧 剧情 爱情
27,怦然心动,8.9,450609,导演: 罗伯·莱纳 Rob Reiner   主演: 玛德琳·卡罗尔 Madeline Carroll / 卡.../2010 / 美国 / 剧情 喜剧 爱情
28,天空之城,9.0,282249,导演: 宫崎骏 Hayao Miyazaki   主演: 田中真弓 Mayumi Tanaka / 鹫尾真知子 .../1986 / 日本 / 动画 奇幻 冒险
29,两杆大烟枪,9.0,239714,导演: Guy Ritchie   主演: Jason Flemyng / Dexter Fletcher / Nick Moran/1998 / 英国 / 剧情 喜剧 犯罪
30,无间道,8.9,331812,导演: 刘伟强 / 麦兆辉   主演: 刘德华 / 梁朝伟 / 黄秋生/2002 / 香港 / 犯罪 悬疑 惊悚
31,飞屋环游记,8.9,438843,导演: 彼特·道格特 Pete Docter   主演: 爱德华·阿斯纳 Edward Asner / 克.../2009 / 美国 / 剧情 喜剧 动画 奇幻 冒险
32,大话西游之月光宝盒,8.9,331069,导演: 刘镇伟 Jeffrey Lau   主演: 周星驰 Stephen Chow / 吴孟达 Man Tat Ng.../1995 / 香港 中国大陆 / 喜剧 动作 爱情 奇幻 冒险 古装
33,飞越疯人院,9.0,240764,导演: 米洛斯·福尔曼 Miloš Forman   主演: 杰克·尼科尔森 Jack Nichols.../1975 / 美国 / 剧情
34,海豚湾,9.3,163163,导演: Louie Psihoyos   主演: John Chisholm / Mandy-Rae Cruikshank / Char.../2009 / 美国 / 纪录片
35,少年派的奇幻漂流,9.0,506724,导演: 李安 Ang Lee   主演: 苏拉·沙玛 Suraj Sharma / 拉菲·斯波 Rafe Spa.../2012 / 美国 台湾 英国 加拿大 / 剧情 奇幻 冒险
36,鬼子来了,9.1,188584,导演: 姜文 Wen Jiang   主演: 姜文 Wen Jiang / 香川照之 Teruyuki Kagawa /.../2000 / 中国大陆 / 剧情 战争
37,蝙蝠侠：黑暗骑士,9.0,267696,导演: 克里斯托弗·诺兰 Christopher Nolan   主演: 克里斯蒂安·贝尔 Christ.../2008 / 美国 英国 / 剧情 动作 科幻 犯罪 惊悚
38,窃听风暴,9.1,185136,导演: 弗洛里安·亨克尔·冯·多纳斯马 Florian Henckel von Donnersmarck   .../2006 / 德国 / 剧情 悬疑
39,熔炉,9.1,177296,导演: 黄东赫 Dong-hyuk Hwang   主演: 孔侑 Yoo Gong / 郑有美 Yu-mi Jeong .../2011 / 韩国 / 剧情
40,V字仇杀队,8.8,350339,导演: 詹姆斯·麦克特格 James McTeigue   主演: 娜塔丽·波曼 Natalie Portm.../2005 / 美国 英国 德国 / 剧情 动作 科幻 惊悚
41,活着,9.0,214096,导演: 张艺谋 Yimou Zhang   主演: 葛优 You Ge / 巩俐 Li Gong / 姜武 Wu Jiang/1994 / 中国大陆 香港 / 剧情 家庭
42,闻香识女人,8.9,273225,导演: 马丁·布莱斯 Martin Brest   主演: 阿尔·帕西诺 Al Pacino / 克里斯.../1992 / 美国 / 剧情
43,天使爱美丽,8.7,426130,导演: Jean-Pierre Jeunet   主演: 奥黛丽·塔图 Audrey Tautou / 马修·卡索.../2001 / 法国 德国 / 喜剧 爱情
44,美丽心灵,8.9,264031,导演: 朗·霍华德 Ron Howard   主演: 罗素·克劳 Russell Crowe / 詹妮弗·.../2001 / 美国 / 传记 剧情
45,指环王2：双塔奇兵,8.9,236982,导演: 彼得·杰克逊 Peter Jackson   主演: 伊利亚·伍德 Elijah Wood / 西恩.../2002 / 美国 新西兰 / 剧情 动作 奇幻 冒险
46,指环王1：魔戒再现,8.9,264143,导演: 彼得·杰克逊 Peter Jackson   主演: 伊利亚·伍德 Elijah Wood / 西恩.../2001 / 新西兰 美国 / 剧情 动作 奇幻 冒险
47,教父2,9.1,158621,导演: 弗朗西斯·福特·科波拉 Francis Ford Coppola   主演: 阿尔·帕西诺 A.../1974 / 美国 / 剧情 犯罪
48,哈尔的移动城堡,8.8,291267,导演: 宫崎骏 Hayao Miyazaki   主演: 倍赏千惠子 Chieko Baishô / 木村拓.../2004 / 日本 / 爱情 动画 奇幻 冒险
49,七宗罪,8.7,382316,导演: 大卫·芬奇 David Fincher   主演: 摩根·弗里曼 Morgan Freeman / 布.../1995 / 美国 / 剧情 犯罪 悬疑 惊悚
50,情书,8.8,312173,导演: 岩井俊二 Shunji Iwai   主演: 中山美穗 Miho Nakayama / 酒井美纪 Mik.../1995 / 日本 / 剧情 爱情
51,死亡诗社,8.9,231921,导演: 彼得·威尔 Peter Weir   主演: 罗宾·威廉姆斯 Robin Williams / 罗伯.../1989 / 美国 / 剧情
52,星际穿越,9.1,402305,导演: 克里斯托弗·诺兰 Christopher Nolan   主演: 马修·麦康纳 Matthew Mc.../2014 / 美国 英国 加拿大 / 剧情 科幻 悬疑 冒险 家庭
53,美国往事,9.1,148118,导演: Sergio Leone   主演: 罗伯特·德尼罗 Robert De Niro / 詹姆斯·伍兹 .../1984 / 意大利 美国 / 犯罪 剧情
54,勇敢的心,8.8,261311,导演: 梅尔·吉布森 Mel Gibson   主演: 梅尔·吉布森 Mel Gibson / 苏菲·玛.../1995 / 美国 / 动作 传记 剧情 历史 战争
55,剪刀手爱德华,8.7,421963,导演: Tim Burton   主演: 约翰尼·德普 Johnny Depp / 薇诺娜·瑞德 Winona .../1990 / 美国 / 剧情 奇幻 爱情
56,钢琴家,9.0,173735,导演: 罗曼·波兰斯基 Roman Polanski   主演: 艾德里安·布洛迪 Adrien Brod.../2002 / 法国 德国 英国 波兰 / 剧情 传记 历史 战争
57,致命魔术,8.8,291149,导演: 克里斯托弗·诺兰 Christopher Nolan   主演: 克里斯蒂安·贝尔 Christ.../2006 / 美国 英国 / 剧情 悬疑 惊悚
58,狮子王,8.8,242276,导演: Roger Allers / 罗伯·明可夫 Rob Minkoff   主演: 乔纳森·泰勒·托马.../1994 / 美国 / 剧情 动画 冒险 歌舞 家庭
59,被嫌弃的松子的一生,8.9,219736,导演: 中岛哲也 Tetsuya Nakashima   主演: 中谷美纪 Miki Nakatani / 瑛太 E.../2006 / 日本 / 剧情 歌舞
60,音乐之声,8.9,200864,导演: Robert Wise   主演: 朱丽·安德鲁斯 Julie Andrews / 克里斯托弗·普.../1965 / 美国 / 剧情 爱情 歌舞 家庭 传记
61,小鞋子,9.1,112379,导演: 马基德·马基迪 Majid Majidi   主演: Amir Farrokh Hashemian / 默罕.../1999 / 伊朗 / 剧情 家庭 儿童
62,低俗小说,8.7,280473,导演: 昆汀·塔伦蒂诺 Quentin Tarantino   主演: 约翰·特拉沃尔塔 John Tra.../1994 / 美国 / 剧情 犯罪
63,入殓师,8.8,281651,导演: 泷田洋二郎 Yôjirô Takita   主演: 本木雅弘 Masahiro Motoki / .../2008 / 日本 / 剧情
64,蝴蝶效应,8.7,331724,导演: 埃里克.布雷斯 Eric Bress / J. Mackye Gruber   主演: 阿什顿·库彻 A.../2004 / 美国 加拿大 / 剧情 悬疑 科幻 惊悚
65,玛丽和马克思,8.9,210494,导演: Adam Elliot   主演: 托妮·科莱特 Toni Collette / 菲利普·塞默·霍.../2009 / 澳大利亚 / 剧情 爱情 动画
66,沉默的羔羊,8.7,298320,导演: Jonathan Demme   主演: Jodie Foster / Anthony Hopkins / Scott Glenn/1991 / 美国 / 剧情 犯罪 惊悚
67,本杰明·巴顿奇事,8.7,344107,导演: 大卫·芬奇 David Fincher   主演: 布拉德·皮特 Brad Pitt / 凯特·布.../2008 / 美国 / 剧情 爱情 奇幻
68,黑客帝国,8.7,237474,导演: 安迪·沃卓斯基 Andy Wachowski / 拉娜·沃卓斯基 Lana Wachowski   主.../1999 / 美国 澳大利亚 / 动作 科幻
69,辩护人,9.1,147810,导演: 杨宇硕 Woo-seok Yang   主演: 宋康昊 Kang-ho Song / 吴达洙 Dal-su O.../2013 / 韩国 / 剧情
70,饮食男女,8.9,145437,导演: 李安 Ang Lee   主演: 吴倩莲 Chien-lien Wu / 杨贵媚 Kuei-Mei Yang /.../1994 / 台湾 美国 / 剧情 家庭
71,拯救大兵瑞恩,8.8,194422,导演: 史蒂文·斯皮尔伯格 Steven Spielberg   主演: 汤姆·汉克斯 Tom Hanks.../1998 / 美国 / 剧情 历史 战争
72,西西里的美丽传说,8.6,286034,导演: 朱塞佩·托纳多雷 Giuseppe Tornatore   主演: 莫妮卡·贝鲁奇 Monica .../2000 / 意大利 美国 / 剧情 战争 情色
73,幽灵公主,8.8,199205,导演: 宫崎骏   主演: 松田洋治 / 石田百合子 / 田中裕子/1997 / 日本 / 动画 冒险 奇幻
74,第六感,8.8,197047,导演: M·奈特·沙马兰 M. Night Shyamalan   主演: 布鲁斯·威利斯 Bruce Wi.../1999 / 美国 / 剧情 悬疑 恐怖
75,心灵捕手,8.7,223560,导演: 格斯·范·桑特 Gus Van Sant   主演: 马特·达蒙 Matt Damon / 罗宾·.../1997 / 美国 / 剧情
76,大鱼,8.7,213790,导演: Tim Burton   主演: Ewan McGregor / Albert Finney / Billy Crudup/2003 / 美国 / 剧情 家庭 奇幻 冒险
77,阳光灿烂的日子,8.7,229192,导演: 姜文 Wen Jiang   主演: 夏雨 Yu Xia / 宁静 Jing Ning / 陶虹 Hong Tao/1994 / 中国大陆 香港 / 剧情
78,让子弹飞,8.7,548845,导演: 姜文 Wen Jiang   主演: 姜文 Wen Jiang / 葛优 You Ge / 周润发 Yun-F.../2010 / 中国大陆 香港 / 剧情 喜剧 动作 西部
79,射雕英雄传之东成西就,8.7,232204,导演: 刘镇伟 Jeffrey Lau   主演: 梁朝伟 Tony Leung Chiu Wai / 林青霞 Bri.../1993 / 香港 / 喜剧 古装
80,控方证人,9.5,51011,导演: 比利·怀尔德 Billy Wilder   主演: 查尔斯·劳顿 Charles Laughton / .../1957 / 美国 / 剧情 犯罪 悬疑
81,阳光姐妹淘,8.8,225564,导演: 姜炯哲 Hyeong-Cheol Kang   主演: 沈恩京 Eun-kyung Shim / 闵孝琳 Hy.../2011 / 韩国 / 剧情 喜剧
82,上帝之城,8.9,136597,导演: Kátia Lund / Fernando Meirelles   主演: Alexandre Rodrigues / Lea.../2002 / 巴西 法国 / 犯罪 剧情
83,大闹天宫,9.2,78585,导演: 万籁鸣 Laiming Wan / 唐澄 Cheng  Tang   主演: 邱岳峰 Yuefeng Qiu /.../1961(上集) / 1964(下集) / 1978(全本) / 2004(纪念版) / 中国大陆 / 动画 奇幻
84,春光乍泄,8.7,195560,导演: 王家卫   主演: 梁朝伟 / 张国荣 / 张震/1997 / 香港 日本 韩国 / 剧情 爱情 同性
85,重庆森林,8.6,263047,导演: 王家卫 Kar Wai Wong   主演: 林青霞 Brigitte Lin / 金城武 Takeshi K.../1994 / 香港 / 剧情 爱情
86,萤火虫之墓,8.7,175852,导演: 高畑勋 Isao Takahata   主演: 辰己努 / 白石绫乃 / 志乃原良子/1988 / 日本 / 动画 剧情 战争
87,禁闭岛,8.6,301648,导演: Martin Scorsese   主演: 莱昂纳多·迪卡普里奥 Leonardo DiCaprio / .../2010 / 美国 / 剧情 悬疑 惊悚
88,素媛,9.0,126262,导演: 李濬益 Jun-ik Lee   主演: 薛景求 Kyung-gu Sol / 严志媛 Ji-won Uhm .../2013 / 韩国 / 剧情 家庭
89,致命ID,8.6,264118,导演: James Mangold   主演: John Cusack / Ray Liotta / Amanda Peet/2003 / 美国 / 剧情 悬疑 惊悚
90,告白,8.6,285083,导演: 中岛哲也 Tetsuya Nakashima   主演: 松隆子 Takako Matsu / 冈田将生 .../2010 / 日本 / 剧情 惊悚
91,甜蜜蜜,8.7,196195,导演: 陈可辛 Peter Chan   主演: 黎明 Leon Lai / 张曼玉 Maggie Cheung / .../1996 / 香港 / 剧情 爱情
92,一一,8.9,128476,导演: 杨德昌   主演: 吴念真 / 李凯莉 Kelly Lee / 金燕玲 Elaine Jin/2000 / 台湾 日本 / 剧情 爱情 家庭
93,爱在黎明破晓前,8.7,181603,导演: 理查德·林克莱特 Richard Linklater   主演: 伊桑·霍克 Ethan Hawke .../1995 / 美国 奥地利 瑞士 / 剧情 爱情
94,加勒比海盗,8.5,283254,导演: 戈尔·维宾斯基 Gore Verbinski   主演: 约翰尼·德普 Johnny Depp / .../2003 / 美国 / 动作 冒险 奇幻
95,阿凡达,8.6,464383,导演: 詹姆斯·卡梅隆 James Cameron   主演: 萨姆·沃辛顿 Sam Worthington .../2009 / 美国 英国 / 动作 冒险 奇幻 科幻
96,风之谷,8.8,149376,导演: 宫崎骏 Hayao Miyazaki   主演: 岛本须美 Sumi Shimamoto / 京田尚子 H.../1984 / 日本 / 科幻 动画 奇幻 冒险
97,爱在日落黄昏时,8.7,169183,导演: 理查德·林克莱特 Richard Linklater   主演: 伊桑·霍克 Ethan Hawke .../2004 / 美国 / 剧情 爱情
98,驯龙高手,8.7,244200,导演: 迪恩·德布洛斯 Dean DeBlois / 克里斯·桑德斯 Chris Sanders   主演:.../2010 / 美国 / 喜剧 动画 奇幻 冒险 家庭
99,侧耳倾听,8.8,138709,导演: 近藤喜文 Yoshifumi Kondo   主演: 本名阳子 Youko Honna / 小林桂树 K.../1995 / 日本 / 剧情 爱情 动画 音乐
100,海洋,9.0,89170,导演: 雅克·贝汉 Jacques Perrin / 雅克·克鲁奥德 Jacques Cluzaud   主演:.../2009 / 法国 瑞士 西班牙 美国 阿联酋 / 纪录片
101,燃情岁月,8.8,132864,导演: 爱德华·兹威克 Edward Zwick   主演: 安东尼·霍普金斯 Anthony Hopki.../1994 / 美国 / 剧情 爱情 西部 家庭
102,断背山,8.5,271011,导演: 李安 Ang Lee   主演: 希斯·莱杰 Heath Ledger / 杰克·吉伦哈尔 Jake.../2005 / 美国 加拿大 / 剧情 爱情 同性 家庭
103,布达佩斯大饭店,8.7,245514,导演: 韦斯·安德森 Wes Anderson   主演: 拉尔夫·费因斯 Ralph Fiennes / .../2014 / 美国 德国 英国 / 剧情 喜剧
104,超脱,8.7,141851,导演: 托尼·凯耶 Tony Kaye   主演: 艾德里安·布洛迪 Adrien Brody / 克里.../2011 / 美国 / 剧情
105,猫鼠游戏,8.7,176008,导演: 史蒂文·斯皮尔伯格 Steven Spielberg   主演: 莱昂纳多·迪卡普里奥 L.../2002 / 美国 加拿大 / 传记 犯罪 剧情
106,幸福终点站,8.6,197815,导演: 史蒂文·斯皮尔伯格 Steven Spielberg   主演: 汤姆·汉克斯 Tom Hanks.../2004 / 美国 / 喜剧 剧情 爱情
107,摩登时代,9.1,68506,导演: 查理·卓别林 Charles Chaplin   主演: 查理·卓别林 Charles Chaplin .../1936 / 美国 / 喜剧 剧情 爱情
108,虎口脱险,8.9,92596,导演: Gérard Oury   主演: 路易·德·菲耐斯 Louis de Funès / 布尔维尔 B.../1966 / 法国 英国 / 喜剧 战争
109,狩猎,9.0,90821,导演: 托马斯·温特伯格 Thomas Vinterberg   主演: 麦斯·米科尔森 Mads Mik.../2012 / 丹麦 瑞典 比利时 / 剧情
110,神偷奶爸,8.5,316488,导演: 皮艾尔·柯芬 Pierre Coffin / 克里斯·雷纳德 Chris Renaud   主演: .../2010 / 美国 / 儿童 喜剧 动画
111,电锯惊魂,8.6,171108,导演: 詹姆斯·温 James Wan   主演: 雷·沃纳尔 Leigh Whannell / 加利·艾.../2004 / 美国 澳大利亚 / 犯罪 悬疑 惊悚
112,菊次郎的夏天,8.7,146929,导演: 北野武 Takeshi Kitano   主演: 北野武 Takeshi Kitano / 关口雄介 Yus.../1999 / 日本 / 剧情 喜剧
113,真爱至上,8.5,267468,导演: 理查德·柯蒂斯 Richard Curtis   主演: 休·格兰特 Hugh Grant / 柯林.../2003 / 英国 美国 / 喜剧 剧情 爱情
114,谍影重重3,8.7,151063,导演: 保罗·格林格拉斯 Paul Greengrass   主演: 马特·达蒙 Matt Damon / .../2007 / 美国 德国 / 动作 悬疑 冒险
115,借东西的小人阿莉埃蒂,8.7,184773,导演: 米林宏昌 Hiromasa Yonebayashi   主演: 志田未来 Mirai Shida / 神木.../2010 / 日本 / 动画 奇幻 冒险
116,雨人,8.6,181629,导演: 巴瑞·莱文森 Barry Levinson   主演: 达斯汀·霍夫曼 Dustin Hoffman .../1988 / 美国 / 剧情
117,贫民窟的百万富翁,8.5,353308,导演: 丹尼·鲍尔 Danny Boyle / 洛芙琳·坦丹 Loveleen Tandan   主演: 戴夫.../2008 / 英国 美国 / 剧情 爱情
118,岁月神偷,8.6,266771,导演: 罗启锐 Alex Law   主演: 吴君如 Sandra Ng / 任达华 Simon Yam / 钟绍.../2010 / 香港 中国大陆 / 剧情 家庭
119,疯狂原始人,8.8,323898,导演: 科克·德·米科 Kirk De Micco / 克里斯·桑德斯 Chris Sanders   主演.../2013 / 美国 / 喜剧 动画 冒险
120,记忆碎片,8.5,235356,导演: Christopher Nolan   主演: Guy Pearce / Carrie-Anne Moss / Joe Pant.../2000 / 美国 / 犯罪 剧情 悬疑 惊悚
121,东邪西毒,8.5,214831,导演: 王家卫 Kar Wai Wong   主演: 张国荣 Leslie Cheung / 张曼玉 Maggie C.../1994 / 香港 台湾 / 剧情 动作 爱情 武侠 古装
122,七武士,9.1,61747,导演: 黑泽明 Akira Kurosawa   主演: 三船敏郎 Toshirô Mifune / 志村乔 .../1954 / 日本 / 动作 冒险 剧情
123,穿越时空的少女,8.6,155955,导演: 细田守 Mamoru Hosoda   主演: 仲里依纱 Riisa Naka / 石田卓也 Takuya.../2006 / 日本 / 剧情 爱情 科幻 动画
124,倩女幽魂,8.5,203324,导演: 程小东 Siu-Tung Ching   主演: 张国荣 Leslie Cheung / 王祖贤 Joey W.../1987 / 香港 / 剧情 爱情 武侠 古装
125,魂断蓝桥,8.8,112736,导演: Mervyn LeRoy   主演: Vivien Leigh / Robert Taylor / Lucile Watson/1940 / 美国 / 剧情 战争 爱情
126,恋恋笔记本,8.5,231236,导演: 尼克·卡索维茨 Nick Cassavetes   主演: 瑞恩·高斯林 Ryan Gosling /.../2004 / 美国 / 剧情 爱情
127,怪兽电力公司,8.6,198011,导演: 彼特·道格特 Pete Docter / 大卫·斯沃曼 David Silverman   主演: 约.../2001 / 美国 / 喜剧 动画 儿童 奇幻
128,哈利·波特与魔法石,8.6,197402,导演: Chris Columbus   主演: Daniel Radcliffe / Emma Watson / Rupert Grint/2001 / 美国 英国 / 奇幻 冒险
129,穿条纹睡衣的男孩,8.8,106893,导演: 马克·赫门 Mark Herman   主演: 阿沙·巴特菲尔德 Asa Butterfield / .../2008 / 英国 美国 / 剧情 战争
130,猜火车,8.5,210223,导演: 丹尼·鲍尔 Danny Boyle   主演: 伊万·麦克格雷格 Ewan McGregor / 艾.../1996 / 英国 / 犯罪 剧情
131,末代皇帝,8.7,124868,导演: 贝纳尔多·贝托鲁奇 Bernardo Bertolucci   主演: 尊龙 John Lone / 陈.../1987 / 意大利 中国大陆 英国 法国 / 剧情 传记 历史
132,卢旺达饭店,8.8,97424,导演: 特瑞·乔治 Terry George   主演: 唐·钱德尔 Don Cheadle / 苏菲·奥.../2004 / 英国 南非 意大利 美国 / 剧情 历史 战争
133,黑天鹅,8.5,361638,导演: 达伦·阿罗诺夫斯基 Darren Aronofsky   主演: 娜塔丽·波曼 Natalie P.../2010 / 美国 / 剧情 惊悚
134,杀人回忆,8.6,162489,导演: 奉俊昊 Joon-ho Bong   主演: 宋康昊 Kang-ho Song / 金相庆 Sang-kyun.../2003 / 韩国 / 犯罪 剧情 悬疑 惊悚
135,消失的爱人,8.7,281545,导演: 大卫·芬奇 David Fincher   主演: 本·阿弗莱克 Ben Affleck / 罗莎蒙.../2014 / 美国 / 剧情 犯罪 悬疑 惊悚
136,秒速5厘米,8.5,232964,导演: 新海诚 Makoto Shinkai   主演: 水桥研二 Kenji Mizuhashi / 近藤好美 .../2007 / 日本 / 动画 剧情 爱情
137,完美的世界,9.0,64884,导演: 克林特·伊斯特伍德 Clint Eastwood   主演: 凯文·科斯特纳 Kevin Cos.../1993 / 美国 / 剧情 犯罪
138,教父3,8.7,107614,导演: Francis Ford Coppola   主演: 阿尔·帕西诺 Al Pacino / 黛安·基顿 D.../1990 / 美国 / 剧情 犯罪
139,玩具总动员3,8.8,170574,导演: 李·昂克里奇 Lee Unkrich   主演: 汤姆·汉克斯 Tom Hanks / 蒂姆·艾.../2010 / 美国 / 喜剧 动画 奇幻 冒险
140,傲慢与偏见,8.4,251627,导演: 乔·怀特 Joe Wright   主演: 凯拉·耐特丽 Keira Knightley / 马修·.../2005 / 法国 英国 美国 / 剧情 爱情
141,我是山姆,8.8,85508,导演: 杰茜·尼尔森 Jessie Nelson   主演: Sean Penn / Dakota Fanning / Mi.../2001 / 美国 / 剧情 家庭
142,英雄本色,8.7,119348,导演: 吴宇森 John Woo   主演: 周润发 Yun-Fat Chow / 狄龙 Lung Ti / 张国.../1986 / 香港 / 动作 犯罪
143,人工智能,8.6,163191,导演: Steven Spielberg   主演: Haley Joel Osment / Frances O'Connor / Sa.../2001 / 美国 / 冒险 剧情 科幻
144,红辣椒,8.8,95548,导演: 今敏 Satoshi Kon   主演: 林原惠美 Megumi Hayashibara / 古谷彻 T.../2006 / 日本 / 动画 悬疑 科幻 惊悚
145,雨中曲,8.9,76848,导演: Stanley Donen / Gene Kelly   主演: Gene Kelly / Donald O'Connor / .../1952 / 美国 / 喜剧 歌舞 爱情
146,香水,8.4,235529,导演: 汤姆·提克威 Tom Tykwer   主演: 本·卫肖 Ben Whishaw / 艾伦·瑞克.../2006 / 德国 法国 西班牙 美国 / 剧情 犯罪 奇幻
147,纵横四海,8.7,115128,导演: 吴宇森 John Woo   主演: 周润发 Yun-Fat Chow / 张国荣 Leslie Cheung.../1991 / 香港 / 剧情 喜剧 动作 犯罪
148,冰川时代,8.4,234228,导演: 卡洛斯·沙尔丹哈 Carlos Saldanha / 克里斯·韦奇 Chris Wedge   主演.../2002 / 美国 / 喜剧 动画 冒险
149,撞车,8.6,151520,导演: 保罗·哈吉斯 Paul Haggis   主演: 桑德拉·布洛克 Sandra Bullock / .../2004 / 美国 德国 / 犯罪 剧情
150,碧海蓝天,8.7,97900,导演: Luc Besson   主演: Jean-Marc Barr / Jean Reno / Rosanna Arquette/1988 / 法国 美国 意大利 / 剧情 爱情
151,恐怖直播,8.7,153820,导演: 金秉祐 Byeong-woo Kim   主演: 河正宇 Jung-woo Ha / 李璟荣 Kyeong-y.../2013 / 韩国 / 剧情 犯罪 悬疑
152,萤火之森,8.8,122985,导演: 大森贵弘 Takahiro Omori   主演: 佐仓绫音 / 内山昂辉 Koki Uchiyama/2011 / 日本 / 剧情 爱情 动画 奇幻
153,浪潮,8.7,105683,导演: 丹尼斯·甘塞尔 Dennis Gansel   主演: 约根·沃格尔 Jürgen Vogel / .../2008 / 德国 / 剧情
154,喜宴,8.7,106737,导演: 李安   主演: 赵文瑄 / 归亚蕾 / 金素梅/1993 / 台湾 美国 / 剧情 喜剧 爱情 同性 家庭
155,朗读者,8.5,245129,导演: 史蒂芬·戴德利 Stephen Daldry   主演: 凯特·温丝莱特 Kate Winslet .../2008 / 美国 德国 / 剧情 爱情
156,海盗电台,8.6,150073,导演: 理查德·柯蒂斯 Richard Curtis   主演: 比尔·奈伊 Bill Nighy / 肯尼.../2009 / 英国 德国 法国 / 剧情 喜剧 音乐
157,追随,9.0,62844,导演: 克里斯托弗·诺兰 Christopher Nolan   主演: 杰里米·西奥伯德 Jeremy.../1998 / 英国 / 犯罪 悬疑 惊悚
158,可可西里,8.6,110131,导演: 陆川 Chuan Lu   主演: 多布杰 Duobujie / 张磊 Lei Zhang / 亓亮 Qi L.../2004 / 中国大陆 香港 / 剧情
159,梦之安魂曲,8.7,90241,导演: 达伦·阿伦诺夫斯基 Darren Aronofsky   主演: 艾伦·伯斯汀 Ellen Bur.../2000 / 美国 / 剧情
160,战争之王,8.5,149479,导演: 安德鲁·尼科尔 Andrew Niccol   主演: 尼古拉斯·凯奇 Nicolas Cage /.../2005 / 美国 法国 / 剧情 犯罪
161,哈利·波特与死亡圣器(下),8.6,231165,导演: 大卫·叶茨 David Yates   主演: 丹尼尔·雷德克里夫 Daniel Radcliffe.../2011 / 美国 英国 / 剧情 悬疑 奇幻 冒险
162,罗生门,8.7,99168,导演: 黑泽明 Akira Kurosawa   主演: 三船敏郎 Toshirô Mifune / 千秋实 .../1950 / 日本 / 犯罪 剧情 悬疑
163,迁徙的鸟,9.1,46535,导演: 雅克·贝汉 Jacques Perrin / 雅克·克鲁奥德 Jacques Cluzaud   主演:.../2001 / 法国 德国 意大利 西班牙 瑞士 / 纪录片
164,荒野生存,8.6,109093,导演: 西恩·潘 Sean Penn   主演: 埃米尔·赫斯基 Emile Hirsch / 马西娅·.../2007 / 美国 / 冒险 传记 剧情
165,7号房的礼物,8.6,130792,导演: 李焕庆 Hwan-kyeong Lee   主演: 柳承龙 Seung-yong Ryoo / 朴信惠 Shi.../2013 / 韩国 / 剧情 喜剧 家庭
166,一次别离,8.7,109745,导演: 阿斯哈·法哈蒂  Asghar Farhadi   主演: 蕾拉·哈塔米 Leila Hatami /.../2011 / 伊朗 / 剧情 家庭
167,小森林 夏秋篇,8.9,86305,导演: 森淳一 Junichi Mori   主演: 桥本爱 Ai Hashimoto / 三浦贵大 Takahir.../2014 / 日本 / 剧情
168,喜剧之王,8.3,240340,导演: 周星驰 Stephen Chow / 李力持 Lik-Chi Lee   主演: 周星驰 Stephen Ch.../1999 / 香港 / 喜剧 剧情 爱情
169,谍影重重,8.5,161226,导演: 道格·里曼 Doug Liman   主演: 马特·达蒙 Matt Damon / 弗兰卡·波坦.../2002 / 美国 德国 捷克 / 动作 悬疑 冒险
170,谍影重重2,8.5,131625,导演: 保罗·格林格拉斯 Paul Greengrass   主演: 马特·达蒙 Matt Damon / .../2004 / 美国 德国 / 动作 悬疑 冒险
171,燕尾蝶,8.6,95554,导演: 岩井俊二 Shunji Iwai   主演: 三上博史 / 恰拉 / 伊藤步/1996 / 日本 / 犯罪 剧情
172,绿里奇迹,8.7,88203,导演: Frank Darabont   主演: 汤姆·汉克斯 Tom Hanks / 大卫·摩斯 David M.../1999 / 美国 / 犯罪 剧情 奇幻 悬疑
173,勇闯夺命岛,8.5,121745,导演: 迈克尔·贝 Michael Bay   主演: 肖恩·康纳利 Sean Connery / 尼古拉.../1996 / 美国 / 动作 冒险
174,花样年华,8.4,194805,导演: 王家卫 Kar Wai Wong   主演: 梁朝伟 Tony Leung Chiu Wai / 张曼玉 Ma.../2000 / 香港 法国 / 剧情 爱情
175,地球上的星星,8.8,63586,导演: 阿米尔·汗 Aamir Khan / 阿莫尔·古普特 Amole Gupte   主演: 达席尔.../2007 / 印度 / 剧情 儿童 家庭
176,时空恋旅人,8.6,148434,导演: 理查德·柯蒂斯 Richard Curtis   主演: 多姆纳尔·格利森 Domhnall Gl.../2013 / 英国 / 剧情 爱情 奇幻
177,卡萨布兰卡,8.6,104823,导演: Michael Curtiz   主演: 亨弗莱·鲍嘉 Humphrey Bogart / 英格丽·褒曼.../1942 / 美国 / 剧情 爱情 战争
178,英国病人,8.4,155061,导演: 安东尼·明格拉 Anthony Minghella   主演: 拉尔夫·费因斯 Ralph Fien.../1996 / 美国 英国 / 爱情 剧情 战争
179,叫我第一名,8.6,92252,导演: 彼得·维纳 Peter Werner   主演: 詹姆斯·沃克 James Wolk / 特里特·.../2008 / 美国 / 剧情 传记
180,阿飞正传,8.5,142328,导演: 王家卫 Kar Wai Wong   主演: 张国荣 Leslie Cheung / 张曼玉 Maggie C.../1990 / 香港 / 犯罪 剧情 爱情
181,唐伯虎点秋香,8.3,252622,导演: 李力持 Lik-Chi Lee   主演: 周星驰 Stephen Chow / 巩俐 Li Gong / 陈.../1993 / 香港 / 喜剧 爱情 古装
182,变脸,8.4,184965,导演: 吴宇森 John Woo   主演: 约翰·特拉沃尔塔 John Travolta / 尼古拉斯.../1997 / 美国 / 动作 科幻 犯罪
183,这个男人来自地球,8.5,143322,导演: 理查德·沙因克曼 Richard Schenkman   主演: 大卫·李·史密斯 David .../2007 / 美国 / 剧情 科幻
184,穆赫兰道,8.4,192719,导演: 大卫·林奇 David Lynch   主演: 娜奥米·沃茨 Naomi Watts / 劳拉·哈.../2001 / 法国 美国 / 剧情 悬疑 惊悚
185,惊魂记,8.8,64871,导演: Alfred Hitchcock   主演: Janet Leigh / Anthony Perkins / Vera Miles/1960 / 美国 / 悬疑 恐怖
186,魔女宅急便,8.4,158772,导演: 宫崎骏 Hayao Miyazaki   主演: 高山南 / 佐久间玲 / 山口胜平/1989 / 日本 / 动画 奇幻 冒险
187,E.T. 外星人,8.5,128968,导演: Steven Spielberg   主演: Henry Thomas / Dee Wallace / Robert MacNa.../1982 / 美国 / 剧情 科幻 奇幻 冒险
188,心迷宫,8.6,107059,导演: 忻钰坤 Yukun Xin   主演: 霍卫民 Weimin Huo / 王笑天 Xiaotian Wang .../2014 / 中国大陆 / 剧情 犯罪 悬疑
189,蝙蝠侠：黑暗骑士崛起,8.5,252116,导演: 克里斯托弗·诺兰 Christopher Nolan   主演: 克里斯蒂安·贝尔 Christ.../2012 / 美国 英国 / 剧情 动作 科幻 犯罪 惊悚
190,恐怖游轮,8.3,248348,导演: 克里斯托弗·史密斯 Christopher Smith   主演: 梅利莎·乔治 Melissa .../2009 / 英国 澳大利亚 / 剧情 悬疑 惊悚
191,超能陆战队,8.6,302341,导演: 唐·霍尔 Don Hall / 克里斯·威廉姆斯 Chris Williams   主演: 斯科特.../2014 / 美国 / 喜剧 动作 科幻 动画 冒险
192,再次出发之纽约遇见你,8.5,125592,导演: 约翰·卡尼 John Carney   主演: 凯拉·奈特莉 Keira Knightley / 马克.../2013 / 美国 / 喜剧 爱情 音乐
193,终结者2：审判日,8.5,118423,导演: 詹姆斯·卡梅隆 James Cameron   主演: 阿诺·施瓦辛格 Arnold Schwarz.../1991 / 美国 法国 / 动作 科幻
194,发条橙,8.4,158592,导演: Stanley Kubrick   主演: Malcolm McDowell / Patrick Magee / Michael.../1971 / 英国 美国 / 犯罪 剧情 科幻
195,非常嫌疑犯,8.6,95647,导演: 布莱恩·辛格 Bryan Singer   主演: Kevin Spacey / Stephen Baldwin /.../1995 / 德国 美国 / 剧情 犯罪 悬疑 惊悚
196,曾经,8.3,177367,导演: 约翰·卡尼 John Carney   主演: 格伦·汉塞德 Glen Hansard / 玛可塔.../2006 / 爱尔兰 / 剧情 音乐 爱情
197,上帝也疯狂,8.6,81794,导演: Jamie Uys   主演: Marius Weyers / Sandra Prinsloo / N!xau/1980 / 博茨瓦纳 南非 / 喜剧
198,哪吒闹海,8.8,65112,导演: 严定宪 Dingxian Yan / 王树忱 Shuchen Wang   主演: 梁正晖 / 邱岳峰 .../1979 / 中国大陆 / 冒险 动画 奇幻
199,两小无猜,8.2,281882,导演: 杨·塞谬尔 Yann Samuell   主演: 吉约姆·卡内 Guillaume Canet / 玛.../2003 / 法国 比利时 / 喜剧 剧情 爱情
200,爱·回家,9.1,39343,导演: 李廷香 Jeong-hyang Lee   主演: 金艺芬 Eul-boon Kim / 俞承豪 Seung-.../2002 / 韩国 / 剧情 儿童 家庭
201,东京物语,9.1,38139,导演: 小津安二郎 Yasujirô Ozu   主演: 笠智众 Chishû Ryû / 原节.../1953 / 日本 / 剧情 家庭
202,末路狂花,8.6,82666,导演: 雷德利·斯科特 Ridley Scott   主演: 吉娜·戴维斯 Geena Davis / 苏.../1991 / 美国 法国 / 犯罪 剧情 惊悚
203,源代码,8.3,352953,导演: 邓肯·琼斯 Duncan Jones   主演: 杰克·吉伦哈尔 Jake Gyllenhaal / .../2011 / 美国 加拿大 / 剧情 动作 科幻 犯罪 惊悚
204,忠犬八公物语,9.0,41674,导演: Seijirô Kôyama   主演: 山本圭 Kei Yamamoto / 井川比佐志 Hisa.../1987 / 日本 / 剧情
205,美国丽人,8.4,157424,导演: 萨姆·门德斯 Sam Mendes   主演: 凯文·史佩西 Kevin Spacey / 安妮特.../1999 / 美国 / 剧情 家庭
206,蓝色大门,8.2,240200,导演: 易智言 Chih-yen Yee   主演: 桂纶镁 Lunmei Kwai / 陈柏霖 Bo-lin Che.../2002 / 台湾 法国 / 剧情 爱情 同性
207,达拉斯买家俱乐部,8.6,133801,导演: 让-马克·瓦雷 Jean-Marc Vallée   主演: 马修·麦康纳 Matthew McCon.../2013 / 美国 / 剧情 传记 同性
208,被解救的姜戈,8.5,221769,导演: 昆汀·塔伦蒂诺 Quentin Tarantino   主演: 杰米·福克斯 Jamie Foxx /.../2012 / 美国 / 剧情 动作 西部 冒险
209,黑客帝国3：矩阵革命,8.4,127718,导演: Andy Wachowski / Larry Wachowski   主演: Keanu Reeves / Laurence F.../2003 / 美国 澳大利亚 / 动作 科幻
210,新龙门客栈,8.4,152704,导演: 李惠民 Raymond Lee   主演: 张曼玉 Maggie Cheung / 林青霞 Brigitte .../1992 / 香港 中国大陆 / 剧情 动作 武侠 古装
211,黄金三镖客,9.1,40107,导演: Sergio Leone   主演: Clint Eastwood / Eli Wallach / Lee Van Cleef/1966 / 意大利 西班牙 西德 / 冒险 西部
212,初恋这件小事,8.3,390943,导演: Puttipong Promsaka Na Sakolnakorn / Wasin pokpong   主演: 马里奥·.../2010 / 泰国 / 喜剧 爱情
213,勇士,8.9,74464,导演: 加文·欧康诺 Gavin O'Connor   主演: 汤姆·哈迪 Tom Hardy / 乔尔·.../2011 / 美国 / 剧情 运动 家庭
214,蝴蝶,8.6,85088,导演: 菲利普·穆伊尔 Philippe Muyl   主演: 米歇尔·塞罗 Michel Serrault .../2002 / 法国 / 剧情 儿童 喜剧
215,牯岭街少年杀人事件,8.6,79298,导演: 杨德昌 Edward Yang   主演: 张震 Chen Chang / 杨静怡 Lisa Yang / 张.../1991 / 台湾 / 剧情 犯罪
216,青蛇,8.3,179849,导演: 徐克 Hark Tsui   主演: 张曼玉 Maggie Cheung / 王祖贤 Joey Wang / .../1993 / 香港 / 剧情 奇幻 古装
217,巴黎淘气帮,8.6,94362,导演: Laurent Tirard   主演: 马克西姆·戈达尔 Maxime Godart / 瓦莱丽·勒.../2009 / 法国 比利时 / 儿童 喜剧 家庭
218,爱在暹罗,8.3,198084,导演: Chukiat Sakveerakul   主演: Witwisit Hiranyawongkul / Mario Maurer.../2007 / 泰国 / 剧情 爱情 同性 家庭
219,暖暖内含光,8.4,123169,导演: 米歇尔·冈瑞 Michel Gondry   主演: 金·凯瑞 Jim Carrey / 凯特·温.../2004 / 美国 / 剧情 爱情 奇幻
220,麦兜故事,8.5,111433,导演: 袁建滔 Toe Yuen   主演: 李晋纬 / 林海峰 Jan Lamb / 吴君如 Sandra Ng/2001 / 香港 / 剧情 喜剧 动画
221,与狼共舞,8.9,49331,导演: Kevin Costner   主演: Kevin Costner / Mary McDonnell / Graham Greene/1990 / 美国 / 冒险 剧情 西部
222,荒蛮故事,8.7,90953,导演: Damián Szifron   主演: 里卡杜·达林 Ricardo Darín / 艾丽卡·里瓦.../2014 / 阿根廷 西班牙 / 剧情 喜剧 犯罪
223,无耻混蛋,8.4,189639,导演: Quentin Tarantino   主演: 布拉德·皮特 Brad Pitt / 梅拉尼·罗兰 M.../2009 / 美国 德国 / 剧情 犯罪
224,夜访吸血鬼,8.3,172594,导演: 尼尔·乔丹 Neil Jordan   主演: 布拉德·皮特 Brad Pitt / 汤姆·克鲁.../1994 / 美国 / 剧情 奇幻 惊悚
225,城市之光,9.2,33071,导演: Charles Chaplin   主演: 查理·卓别林 Charles Chaplin / 弗吉尼亚·.../1931 / 美国 / 喜剧 剧情 爱情
226,中央车站,8.7,67858,导演: Walter Salles   主演: Fernanda Montenegro / Marília Pêra / Viní.../1998 / 巴西 法国 / 剧情
227,未麻的部屋,8.7,64270,导演: 今敏 Satoshi Kon   主演: 岩男润子 Junko Iwao / 松本梨香 Rica Matsu.../1997 / 日本 / 动画 奇幻 惊悚
228,无敌破坏王,8.7,159929,导演: 瑞奇·莫尔 Rich Moore   主演: 简·林奇 Jane Lynch / 约翰·C·赖利 .../2012 / 美国 / 喜剧 动画 冒险
229,遗愿清单,8.5,102471,导演: 罗伯·莱纳 Rob Reiner   主演: 杰克·尼科尔森 Jack Nicholson / 摩根.../2007 / 美国 / 冒险 喜剧 剧情
230,偷拐抢骗,8.5,98272,导演: 盖·里奇 Guy Ritchie   主演: 布拉德·皮特 Brad Pitt / 本尼西奥·德.../2000 / 英国 美国 / 喜剧 犯罪
231,罪恶之城,8.4,124851,导演: 弗兰克·米勒 Frank Miller / 罗伯特·罗德里格兹 Robert Rodriguez   .../2005 / 美国 / 动作 犯罪 惊悚
232,大卫·戈尔的一生,8.7,67655,导演: Alan Parker   主演: 凯文·史派西 Kevin Spacey / 凯特·温丝莱特 Kat.../2003 / 美国 德国 英国 / 剧情 犯罪 悬疑
233,国王的演讲,8.3,290394,导演: 汤姆·霍珀 Tom Hooper   主演: 柯林·菲尔斯 Colin Firth / 杰弗里·.../2010 / 英国 澳大利亚 美国 / 剧情 传记 历史
234,血钻,8.5,105769,导演: Edward Zwick   主演: Leonardo DiCaprio / Jennifer Connelly / Djimo.../2006 / 美国 德国 / 剧情 惊悚 冒险
235,荒岛余生,8.4,109544,导演: 罗伯特·泽米吉斯 Robert Zemeckis   主演: 汤姆·汉克斯 Tom Hanks / .../2000 / 美国 / 冒险 剧情
236,月球,8.5,118482,导演: Duncan Jones   主演: Sam Rockwell / Kevin Spacey / Dominique McEll.../2009 / 英国 / 剧情 悬疑 科幻
237,寿司之神,8.8,65399,导演: 大卫·贾柏 David Gelb   主演: 小野二郎  Jiro Ono / 小野祯一 Yoshik.../2011 / 美国 / 纪录片
238,爆裂鼓手,8.6,178054,导演: 达米安·沙泽勒 Damien Chazelle   主演: 迈尔斯·特勒 Miles Teller /.../2014 / 美国 / 剧情 音乐
239,千钧一发,8.7,64539,导演: 安德鲁·尼科尔 Andrew Niccol   主演: 伊桑·霍克 Ethan Hawke / 乌玛.../1997 / 美国 / 剧情 科幻
240,我爱你,9.0,43339,导演: 秋昌民 Chang-min Choo   主演: 宋在河 Jae-ho Song / 李顺载 Soon-jae.../2011 / 韩国 / 剧情 爱情
241,角斗士,8.4,111512,导演: Ridley Scott   主演: Russell Crowe / Joaquin Phoenix / Connie Nielsen/2000 / 英国 美国 / 剧情 动作 历史 冒险
242,导盲犬小Q,8.4,105368,导演: 崔洋一 Yoichi Sai   主演: 小林薰 / 椎名桔平 / 香川照之/2004 / 日本 / 剧情
243,廊桥遗梦,8.5,79675,导演: Clint Eastwood   主演: Clint Eastwood / Meryl Streep / Annie Corley/1995 / 美国 / 剧情 爱情
244,不一样的天空,8.6,70642,导演: 莱塞·霍尔斯道姆 Lasse Hallström   主演: 约翰尼·德普 Johnny De.../1993 / 美国 / 剧情 爱情 家庭
245,假如爱有天意,8.2,192051,导演: 郭在容 Jae-young Kwak   主演: 孙艺珍 Ye-jin Son / 曹承佑 Seung-woo.../2003 / 韩国 / 剧情 爱情
246,枪火,8.6,77831,导演: 杜琪峰 Johnnie To   主演: 吴镇宇 Francis Ng / 任达华 Simon Yam / .../1999 / 香港 / 剧情 动作 犯罪
247,速度与激情5,8.4,190476,导演: 林诣彬 Justin Lin   主演: 范·迪塞尔 Vin Diesel / 保罗·沃克 Paul .../2011 / 美国 / 动作 犯罪 剧情 惊悚
248,疯狂的石头,8.2,252081,导演: 宁浩 Hao Ning   主演: 郭涛 Tao Guo / 刘桦 Hua Liu / 连晋 Teddy Lin/2006 / 中国大陆 香港 / 喜剧 犯罪
249,我们俩,8.6,64463,导演: 马俪文 Liwen Ma   主演: 宫哲 Zhe Gong / 金雅琴 Yaqin Jin / 罗忠学 .../2005 / 中国大陆 / 剧情
250,跳出我天地,8.7,52538,导演: Stephen Daldry   主演: Jamie Bell / Julie Walters / Gary Lewis/2000 / 英国 法国 / 剧情 儿童 歌舞 家庭
